0.26825457
0.26000590
-0.06905626
0.09156779
0.27141095
0.19877399
-0.13506734
0.23545488
-0.06602620
0.28739887
-0.57255987
-0.55241158
-0.33249774
0.09408069
-0.08724635
0.03050430
0.26787204
0.38748203
0.37899679
0.71195465
0.67367773
0.71563235
0.88909901
0.97678988
0.92162067
0.80624667
1.01055039
0.55611697
0.43105780
0.30505311
0.34175852
0.67435098
0.50089214
0.53460018
0.56242231
0.31495500
0.63685663
0.48376240
0.49956867
0.52528148
0.68139673
0.92807653
0.66317321
0.41095892
0.39414116
0.14353769
0.48705157
0.72660830
0.68430899
0.52244381
0.37887897
0.32527481
-0.00659088
0.36424623
0.19335427
0.36072155
0.43569242
0.14229331
0.81436759
0.58793946
0.69045061
0.11996270
0.09990807
0.11485269
0.35726362
-0.04696275
0.15640627
-0.33482289
-0.63507837
-0.32225778
0.08957151
-0.38808175
-0.05256656
-0.00992908
0.54066571
-0.13409939
0.21016481
0.61543989
0.81910896
0.73679515
0.68011648
0.89482874
0.96472097
0.63195816
0.86452107
1.00351088
1.16482071
1.03973342
1.06734703
1.10220623
1.26018405
1.06279560
0.84038664
0.82305272
0.24893248
0.38458373
0.58519865
0.81598219
0.81692399
0.69869079
0.73705179
0.67955289
0.81971411
0.67201260
0.79892708
1.06950182
1.22560831
1.09152281
1.08254808
0.91603040
0.91333556
0.84436157
0.91870309
-0.01173604
-0.34989984
-0.35161180
-0.37267436
-0.22116150
-0.11004675
0.01446425
0.18936372
-0.14903769
-0.30661918
0.17359460
-0.03751325
0.09675823
0.34498488
0.59500801
0.79487709
0.44196391
0.94674502
1.26481417
1.20312402
1.10300062
1.19921073
1.23862309
0.81917985
0.77155242
1.01658318
0.59868676
0.83954504
-0.94740227
-1.40132298
0.10783130
0.62445827
-1.25092911
0.42376920
0.10426777
0.61639527
-2.04758080
-2.74915178
-1.54781876
-0.97706209
-1.87482338
-1.78800841
-2.48788486
-2.31969916
-2.21232366
-2.01565566
-2.28624037
-4.17962617
-2.28619570
-0.63725447
-0.16342025
-0.29299359
0.06746539
0.54911845
0.45838030
0.68801665
0.74833330
0.90670553
0.83915662
0.34552485
0.97995983
0.97224618
0.93097003
1.04031636
1.17147714
0.63611664
1.03589305
0.64942496
1.12210817
1.02817778
0.07711851
0.60326562
0.67925127
0.82487823
0.12127109
0.49154878
0.41127893
0.56883146
0.86930346
0.72061916
0.38998335
0.57704523
0.14355650
0.07880421
0.17224836
-1.07319176
-0.16645657
-0.35955472
-0.10231891
0.20512317
-0.29506648
-0.60772257
0.10797453
-0.16793514
-0.27035017
-0.58793707
-1.13791497
-2.68139239
-1.48667353
-0.43053499
0.03828760
-0.26325404
0.20530734
0.37009544
0.22797064
0.34708397
0.27545564
0.58421118
0.74748587
-0.31251312
-2.10627332
-0.89517912
0.18987549
0.01796114
0.66988664
0.50283993
-0.00855501
-0.21197413
-0.97335323
-2.01437001
-1.97847360
-1.36188528
-0.81657998
-0.59317652
-0.34787501
-0.30073089
-0.03417662
0.23107876
0.40164579
-0.70874932
-1.90079425
-2.21255982
-1.61139095
-1.00419806
-0.47516383
-0.77742739
-0.28823404
0.16483669
0.45886837
-0.02325902
0.23987742
-0.97963764
-0.28035229
0.24344461
0.34828826
-0.52511936
-0.05490226
0.06302264
0.24388001
0.76654184
0.26992660
0.08755038
0.84399768
1.02935366
0.50731777
0.36753801
-0.33343615
0.36272053
-0.46233516
-0.05075077
-0.21879067
-0.38597933
-0.69464113
-0.06107787
-0.73760815
-0.82124482
-1.08766852
-0.51862271
-0.96050657
-0.80416941
-0.98658450
-0.61077543
-1.12419133
-0.40492940
-0.09758261
-0.06899801
-1.46643487
-0.35561343
-0.71170024
0.22708245
0.42449250
-0.12628231
0.18693145
0.09747610
0.56586459
0.65685664
0.74287108
0.39455294
0.59732659
0.05631549
-0.66703053
-1.47963394
-2.31333027
-1.34431904
-2.43460545
-0.09568469
-2.39698624
-1.56610203
-0.34279919
-0.53404018
-0.21074656
0.24300460
0.09970526
0.49520904
0.53265422
0.45202812
0.28262373
0.24966271
0.40478736
0.63474510
0.84829247
1.24905667
0.23866528
-2.16546492
-0.52367524
-0.18638938
-2.70415028
-0.48339084
0.10714990
0.27993935
0.20067019
-0.22674055
-0.33302602
0.08113432
0.25598410
0.27373732
0.22727437
0.01578799
-0.20692687
0.51160340
0.62850122
0.29947350
0.60540030
0.69461629
0.49078257
0.30075597
0.21458191
0.27961391
0.05908958
0.26134042
0.61498880
-0.51693053
-0.53005944
-0.11230631
-0.64943668
-0.32650450
0.67362462
0.82763588
-0.46385599
0.08794833
0.47257644
0.24054706
0.71304802
0.51924846
0.33208190
-0.09808854
0.73353661
1.69121002
0.24578770
0.51113706
0.73042322
0.80642363
0.94770064
0.64088974
0.92796665
0.77167390
0.07125079
-0.26796471
0.17149232
0.48045727
0.59479167
0.64294983
0.07099926
0.47986066
0.94807215
0.50066964
0.64934365
0.62070178
0.35504948
0.48974824
0.34706570
0.55923547
-0.30028247
0.25889773
0.59876340
0.60714813
0.49501736
-0.01965189
-0.77533189
-0.33861979
0.13459653
0.60644093
-0.31102649
0.02623069
-0.06286142
-0.35102828
-1.72942582
-1.69869463
-0.57327268
-0.23191160
0.28937865
0.06956897
-0.62833926
-0.59192065
-0.13467289
-0.17282396
-1.67892413
-0.48774670
0.07699058
-0.05491010
-1.20580397
-1.35731695
-1.27898875
-1.14016539
-0.67151787
-1.12782078
-2.00602242
-2.21409810
-2.26480896
-1.98627122
-0.80077911
-0.48862720
-0.17385481
-0.48360383
-0.46277343
-1.09941637
-0.67206408
-0.04003482
-0.78260734
-0.68565052
-0.43285759
-0.06358301
0.29734878
0.06769678
-0.65904244
-0.38502804
0.05925334
0.39881127
0.26231807
0.34496770
0.37683145
0.42310252
0.36689429
0.25594982
0.54993293
0.55218251
0.27789287
-1.00237496
-1.79974185
-1.35319727
-1.36497500
-1.73231614
-1.35450955
-0.36196333
-1.03989373
-0.76147595
-0.78457534
-0.66490149
-2.38512917
-1.38978571
-0.74296593
-0.37572317
-0.38027234
-1.45528014
-1.70345568
-1.26373978
-1.96723401
-2.26373655
-1.47395268
-2.60663648
-3.27011475
-1.42044697
-0.00114670
0.05814461
-0.20309725
-0.37927801
0.10563193
-0.23057271
-0.15079127
0.34732700
0.48140399
0.49044175
0.62065632
0.44538356
0.65375025
0.46574426
0.37650428
0.36575767
-0.09134198
-1.49744348
-1.14747806
-0.75077493
-0.33588152
-0.25245066
-1.38645987
-1.04137603
0.19305800
-0.42567364
0.33780582
0.59602592
-0.41795949
0.52680015
0.53691544
0.87269867
1.05729419
0.83040367
0.82385163
0.62980082
0.71336073
0.39575238
-0.17325373
-1.68719245
-1.06254240
0.06323581
0.55094609
-1.26806597
-0.93338390
-0.50184099
-0.00472357
0.24362346
0.29249213
-1.53683099
-2.50945839
-0.50060829
-1.70889923
-1.09219720
-1.90583867
-3.22398039
-1.17844981
-0.70195606
-1.22483555
-0.26352203
0.33496849
0.30410259
-0.09431414
0.35859167
0.29047631
-1.22967164
-0.38436408
-0.17797086
-0.23370908
-0.63270449
-2.07540157
-3.35843624
-2.29324445
-1.84339190
-1.07907623
-0.53550021
-0.58525192
-2.16902925
-1.51152444
-0.45211453
-0.19352038
0.05027815
0.39130725
-0.23667008
-1.04091889
-1.23388442
0.04719792
0.47107884
0.18582906
0.33252148
0.07552224
0.33757073
-0.02724592
-0.00526846
-0.23465095
-0.41393117
-1.64808996
-2.41205783
-4.07946627
-2.75620888
-1.40137994
-1.26083346
-2.19622551
-2.65494818
-1.35142040
-2.05827786
-3.14768664
-2.11003203
-2.43920307
-2.08804644
-0.32422922
-0.94900575
-0.75273855
-0.49431868
-1.08603527
0.03340478
-0.18696464
0.19305683
0.63237046
0.57341997
-0.00427454
-0.52075546
-1.34369672
-0.71417343
-0.24735522
-0.03826559
-0.20009987
-0.59574072
-1.32862507
-2.75855343
-1.43439717
-1.50497035
-1.40905221
-1.01455051
-1.36762266
-2.47913981
-3.50877038
-1.53556624
-1.09568665
-0.79291827
-1.87712175
-1.33367035
-2.11753772
-2.06108029
-2.26111653
-1.18668565
-1.29985230
-1.84645551
-1.75265597
-2.27146865
-0.91091342
-0.28703107
0.13707009
0.09727102
0.10092620
0.04433290
0.19828742
-0.11282408
0.07657244
-0.72557549
-2.59507131
-2.05138366
-1.02357683
-1.43140717
-0.90725764
-0.97518563
-0.31332857
-1.13690654
-0.87978904
-1.24181473
-1.92980611
-2.82330366
-2.74685149
-2.21316887
-1.03966857
-0.69035135
-0.19595512
-0.23639845
-0.18483745
-0.00585695
-0.59425028
-0.20257959
-0.19455407
0.26124030
-0.08289719
0.42388893
-0.26240796
0.24531768
0.27673579
-0.24687081
0.06095361
0.15764359
0.26812466
-0.59110200
-0.31234163
0.06798953
0.21220844
0.34578598
0.37762970
0.00625343
-0.40539158
-0.68447046
-0.60581419
-0.41907073
-0.36682122
0.21588583
0.32878657
-0.31213949
-0.32494568
-1.94066964
-0.29740331
-0.51955448
0.16603339
0.07006956
-0.02962108
-0.65526396
-0.72535020
-0.95312802
-0.38838813
-0.53846492
-0.32760696
0.00358454
0.23924609
0.27597370
0.10494721
0.20727484
0.06903891
0.10982674
-0.09955708
0.11807913
0.12278570
0.23582613
-0.03780742
-0.46448656
0.01631596
0.25331845
-0.04033397
-0.05363470
-0.23436072
0.16362465
-0.38760738
-0.12156683
0.10713459
-0.03837339
-0.92383894
-0.60858172
-0.44927489
-0.17662536
-0.19873921
-0.03612816
-0.24308079
-0.24587358
-0.28360716
-0.72105247
-0.84082451
-0.51817554
-1.28921026
-0.29959517
0.34863180
0.36682312
-0.29835587
-0.72789096
-1.54561372
-0.58261400
-0.29399453
-0.21899692
-0.32613762
-0.01132614
-0.50412865
-1.83881872
-1.88362639
-0.68548989
-0.05610138
-0.16406877
0.27371887
0.00720372
-0.34743834
-0.38302976
-0.22197624
-0.03149968
-0.08266888
-0.67188734
-1.27054166
-0.43291394
-0.54183260
-0.19844005
-0.22429666
-0.56698504
-0.31630091
-0.31256347
-2.17136805
-2.45431538
-1.78912989
-0.27785599
-0.17860222
-0.56467728
0.07114167
0.18435950
0.25109014
-0.03661183
-0.52616490
-0.75996524
-0.44970307
-0.90615886
-2.37373154
-1.84871391
-1.42739398
-1.49402257
-1.74433423
-2.94172020
-2.08912728
-2.38867977
-2.97290545
-1.39917464
-0.76901748
0.07425026
-0.02126347
0.15188502
0.08929108
0.01246417
-0.92970596
-0.85161235
-0.30734493
-0.30036711
-0.80561154
-2.00340075
-1.45469206
-0.26880475
-0.10509121
0.39538743
0.30790316
0.07454695
0.34100442
0.51395911
0.63753977
0.58836765
0.25289316
0.44525357
0.54426220
0.65626859
-0.02171235
0.25570099
0.27105811
0.35261884
0.27617406
0.19234114
-0.01890576
0.37065956
0.35943620
0.11792709
0.51878982
-0.11080696
0.11526410
0.03558986
-0.15911268
0.20606414
0.50375280
0.52263889
0.02111198
-0.43452577
-0.35202521
-0.87941220
-2.11262187
-3.19845928
-1.43322849
-1.35204709
-2.83837822
-3.62940966
-1.15269391
-0.15214385
-0.42678811
-0.19973745
0.13275292
0.03560846
0.09102945
-0.94876449
-0.88499242
-0.41725538
-0.22658753
-0.37398267
-0.26359316
-0.88767087
-0.22023822
-0.11454842
-0.85995397
-2.07972878
-1.10976947
0.08028337
-0.10524013
-0.02125640
0.17235642
0.48443632
-0.21970035
-1.28863143
-0.80766203
-0.25379319
-1.22780303
-0.40884565
-0.00927091
-0.25481510
0.12600645
-0.02917318
-0.00411866
0.17835071
0.12939644
0.07656102
-0.18184263
0.18159881
-0.25984553
-0.07268697
-0.24200569
-0.08597179
-0.02112232
-1.36747482
-2.48196577
-2.83085846
-1.17493457
-1.73739643
-0.47930435
-0.55216314
-0.04028118
-0.19170547
-0.04388970
-0.36602512
-0.13522240
-0.21067346
-0.08440796
-0.99730624
-0.57881272
-0.62695690
-1.24831435
-2.70115985
-1.29694334
-0.51543373
-0.97435756
-0.76607442
-2.14274695
-2.53248507
-1.79357166
-0.59078608
-0.68706456
-0.32927557
-0.79991352
-0.80402698
-0.51827933
-0.31368624
0.00887284
0.01088501
-1.28067764
-0.60836324
-0.03105486
-0.05404422
0.09914685
-0.39256445
-0.80184867
-1.06335523
-1.22206622
-1.07544666
-0.80375893
-0.53134949
-0.78117823
-0.38465696
-0.35898476
0.17631321
0.52970120
0.37513131
0.52382798
0.39734359
0.57678337
0.37637230
-0.17822666
-0.28401897
-0.24226890
-0.87031224
-0.18231781
-0.31359974
-0.15905135
0.25509159
0.19854007
-1.14109978
-2.00465962
-0.29983043
-1.30514998
-1.49874497
-0.73293385
-1.25860578
-1.04261160
-0.38379302
-0.35119784
-0.57226272
-1.04251482
-1.46196382
-1.00596936
-2.07502619
-3.03194033
-1.96974893
-0.38380396
0.01243598
-0.18720086
-0.01428992
0.13105599
0.34147691
0.22822106
-0.18118928
-1.43988457
-0.35319355
-0.01486873
-0.05768287
-0.19673970
-0.96874684
-0.48619110
-0.50126214
-0.01721428
0.18803428
-0.05621857
0.28537851
0.12703200
0.09852131
-0.33501591
-1.00017352
-0.76642136
-0.95543860
-0.13518419
-0.09607851
0.31445129
-0.11507124
0.32297646
0.57027318
0.69412096
0.56683263
0.54381320
0.90435178
-0.53870582
0.44753634
0.32949501
0.44828699
0.13880565
-0.10172101
0.30308632
0.00293279
-0.21115784
-0.46403289
-0.10618548
-2.39264213
-1.64935895
-0.36556819
-0.38104365
-0.04965939
0.18041206
0.43514627
-0.71221289
-2.73064581
-1.26535856
-1.73686612
-1.94603883
-0.79391243
0.00401517
0.30838100
0.26009495
0.08001494
-0.62476335
-0.25652398
0.04198021
-0.03678350
0.12619729
0.30973115
0.51897793
0.26668438
-0.34698847
0.13211563
-0.91208163
-0.16704889
0.09481717
-0.16970819
-0.86752393
0.07710790
0.21024146
0.02681963
-0.71343621
-1.22102044
0.11910097
0.67375693
-0.23555742
-0.63209090
0.09035147
0.38064325
0.51361660
0.37750967
-0.50736991
-0.20622357
-0.09671096
-0.07428824
-1.67690024
-0.36113490
-0.39903605
0.09732073
-0.09204406
-0.50668587
-1.48520991
-0.27267698
0.41785753
0.48538938
0.40416636
0.57419223
1.02805126
-0.07139938
0.24579156
-0.41703457
0.20044627
-0.26449028
0.76029640
0.50475350
-0.54471245
-0.01673472
0.07976472
-0.06785700
0.16735784
-0.33936749
0.61551210
0.86449664
-0.05400378
-0.68410852
-0.97231746
-1.27966559
-0.83973342
-0.85655954
-0.35702362
-0.17583741
0.01561065
-0.07450071
0.01727198
-0.61620657
0.12808087
-0.06713579
-0.37191095
0.15261539
-0.22450579
0.38244080
-0.04295581
0.32715833
-0.42709961
-0.76441639
-0.19678688
-0.13690382
-0.13258256
-0.45812502
-0.84281370
-0.45170499
0.07692702
0.22194347
0.55960682
0.40016640
0.10773601
0.33026608
0.48517640
0.77294527
0.69908000
0.61166391
-0.75897322
-0.01018550
-0.61253913
-0.29327180
0.12558330
0.23845386
-0.26933769
-1.05156717
-1.78440343
-0.97838065
-0.21870088
-0.30430949
-0.14955989
-0.00528659
-0.49327646
-0.51506083
-0.34560947
-0.08970785
-0.02078149
0.25099221
0.11364352
0.73171265
0.89528626
0.78871706
0.86326475
-0.15635934
-0.44022789
-0.35563577
0.06327000
-0.38289142
0.08347693
0.51583822
0.77316692
0.90820942
0.92308084
0.97366073
0.47529883
0.87259127
0.91037025
0.70989187
0.59665598
0.58158843
0.32016998
0.35407585
0.49370476
-0.21388834
-0.20375085
0.04202474
-0.43353198
-0.54251756
-0.58081687
-0.26316802
-0.90144565
-0.39954604
-0.12835938
0.13390375
0.06102075
-0.27664105
-0.17397027
-0.04991230
-0.36918007
-1.18116312
-1.46444344
-1.07049550
-0.81004520
-0.57861223
-0.38588250
-0.48884775
-0.76055836
-0.85801726
-0.50238755
-0.26881935
-0.14421470
0.09979515
-0.22390142
-0.12249626
-0.08181653
-0.52732109
-0.37620532
-0.51590153
0.32597062
0.44232980
0.43632956
0.40624929
0.34197576
0.09827970
0.41664237
0.34406491
0.47527372
0.58025552
0.35348562
0.30715941
0.41652735
0.31681306
-0.31741297
-0.32384452
-0.17366805
-0.39112586
-0.21128427
-0.24210193
-1.27015720
-1.85171283
-2.05943060
-2.52385529
-2.43952307
-3.00785872
-1.97805285
-0.77047229
-0.02473202
0.04209674
0.23852551
0.13418880
0.28160678
0.40742112
0.52280657
0.47867119
0.19733120
0.24212208
-0.00916902
0.26279140
-0.18181261
-0.23097208
0.14476619
0.12648438
-0.00293406
-0.57794116
-0.41683588
-0.20987680
0.28788218
0.26995845
0.33475308
0.41996090
0.31858578
0.23733967
0.45640315
0.34424579
0.09396565
-5.31482133
-5.60585907
-4.26466136
-4.99738266
-4.73179480
-4.73444816
-4.01771102
-4.88289471
-4.40958771
-3.94063344
-4.07002398
-4.22761708
-3.82072832
-4.19261970
-4.50110297
-5.49041753
-6.01580184
-6.08275964
-6.35376840
-6.28808115
-6.53435192
-4.94134840
-5.20977773
-4.43439549
-3.98063763
-4.60113675
-3.92670712
-4.65408457
-4.67899832
-3.91540530
-4.50558492
-5.07658433
-5.21234493
-4.94576520
-4.73919655
-4.88438566
-4.24231227
-3.99255636
-4.50582776
-4.01663977
-3.48835528
-4.03655309
-4.53804506
-4.51906495
-4.74762183
-4.52589554
-4.21539420
-4.03215112
-3.81394520
-3.61681303
-3.68456921
-4.17212441
-4.22647084
-3.99322852
-3.35792333
-3.67041321
-3.99954279
-4.24851374
-3.54847632
-4.01036906
-4.19725295
-4.27071013
-4.54738241
-4.39392483
-4.04166289
-3.77506633
-3.87928722
-4.35579179
-3.93556434
-3.53085119
-3.48647997
-3.39412002
-3.73653236
-3.86998111
-4.00837942
-3.79463481
-3.46825442
-3.68515979
-3.69780530
-4.16674415
-4.33475535
-3.77870712
-3.55048896
-3.52338892
-3.91924632
-3.90984585
-3.91327626
-4.12087903
-3.53534609
-4.19601056
-3.79167534
-4.23561398
-4.29327274
-3.38247257
-3.77721312
-3.58831787
-3.70562153
-3.43440829
-3.28732890
-3.58874883
-3.44583794
-4.34581414
-4.28274353
-4.77744187
-5.51409865
-5.84279029
-5.30198430
-5.08404371
-4.69121579
-4.71156433
-4.33688775
-3.82206848
-3.70177194
-4.16387704
-6.41843787
-6.37730071
-7.92795895
-8.18202338
-8.54863461
-6.95373373
-7.24924515
-6.85895169
-6.67353349
-5.67540598
-6.23303881
-7.08106716
-7.20930884
-6.21247080
-6.94039982
-6.91105979
-6.16851622
-6.67770237
-6.10774417
-5.85330820
-5.63614638
-5.71358468
-5.26798959
-6.24047612
-5.25439540
-4.93262326
-5.15850060
-6.32678006
-6.05907874
-6.44697767
-5.84482364
-6.14992444
-7.00676989
-5.68015607
-5.74143005
-5.70767174
-5.40990496
-5.73617035
-5.83972467
-5.36057340
-5.27083758
-5.27222331
-5.09151705
-4.69118833
-5.34291365
-5.29485964
-5.46599448
-4.99765447
-5.13845138
-4.91656519
-5.88874937
-5.83937390
-6.11530531
-5.24300878
-5.44274227
-6.17680360
-5.34505515
-5.51785664
-4.83601646
-5.51127681
-5.57287819
-5.74442549
-5.45562879
-6.05127480
-5.85628466
-5.93945425
-6.00107166
-6.02606237
-5.72578628
-5.47054322
-5.19028618
-4.73458402
-4.71297799
-4.45071646
-3.97369940
-4.43143662
-4.54595953
-4.34871441
-4.80826700
-4.38441020
-4.17793541
-4.14947279
-3.82393178
-4.06045108
-4.31341776
-3.91166476
-3.82751461
-3.73547429
-3.87173324
-3.81378654
-3.95169591
-3.84566195
-3.84155501
-3.68723807
-3.66990950
-3.61112014
-3.52871246
-3.38343226
-3.34941681
-3.74071806
-3.29668676
-3.72480738
-3.36181971
-3.09093393
-3.83814392
-3.30263119
-3.63121642
-3.38425698
-3.74063979
-3.46209595
-3.63160854
-3.50355436
-3.59480162
-3.23522257
-3.37354459
-3.21024719
-3.29393326
-3.08031252
-2.97653398
-3.20373045
-3.55354011
-3.18239224
-3.35244284
-3.45138541
-3.36290819
-2.90003760
-3.22142897
-3.40512106
-3.48163562
-3.58421131
-3.35780597
-3.57622582
-3.21805656
-3.00379816
-3.37550221
-2.94879937
-2.98607371
-3.22696105
-3.13680795
-3.50027485
-3.29455085
-3.30675287
-3.41595717
-3.19382628
-3.28213980
-3.29010203
-3.05034081
-2.73494464
-3.41463124
-3.03123952
-3.15827736
-3.18212605
-3.51211538
-3.21795830
-3.16563922
-3.43917826
-3.42636995
-8.49592761
-8.66275803
-8.31619763
-7.86832843
-8.28094578
-7.90640376
-8.30555061
-8.06136967
-7.85469873
-8.20544349
-8.04799676
-7.85550698
-7.67047854
-6.61980565
-4.18256119
-2.56450937
-2.00908093
-1.61948767
-1.21903130
-0.96058337
-0.57887217
-1.01120400
-1.23063743
-0.79807295
-1.75769980
-2.15983583
-2.91423478
-4.34004371
-3.45112211
-2.10268920
-1.03252064
-0.85111939
-0.52185333
-0.32831432
-0.27069226
-0.23974687
-0.14972348
-0.15425960
-0.03827157
-0.11808497
-0.46388923
-1.17249690
-1.35941142
-2.01763336
-2.08165438
-1.66700723
-1.30399369
-1.20380318
-1.70063335
-1.50034625
-0.99769663
-0.31669174
0.20593888
0.19158406
-0.23588635
-0.05832232
-0.48115037
-0.72156647
-0.57343401
-0.00116814
-0.07296203
-0.01997065
-0.17794671
-0.84974437
0.10236533
0.33886845
0.63853027
0.78400717
0.81196357
0.65485250
0.76388405
0.70273807
0.98430016
0.98049615
1.04507927
0.85871886
1.08634180
1.02481650
1.06145315
1.07505921
1.41206095
1.56475579
1.34268903
1.55452804
1.58799508
1.19430281
1.65876576
1.39598715
1.13689213
1.13217203
1.07290508
1.11810778
1.03013910
1.38699702
1.35298558
1.59373170
1.52980649
1.05560251
0.16692617
-1.58635134
-4.27822811
-2.91435829
-3.40648688
-1.47475273
-0.17250417
0.09554106
-0.12879808
0.36210598
0.37632339
0.47587345
0.44533912
0.26683316
-0.03293593
0.05296993
-0.03543472
0.33126379
-0.11292049
-0.45959842
0.08292000
0.12823114
0.47464350
0.38552512
0.38605108
0.37511877
0.68145585
0.79167033
1.00593043
0.98524022
0.51054141
0.73782642
1.20230554
1.11865229
0.80950168
0.67381888
0.68186853
0.94377421
0.78081179
0.99740378
1.08053252
1.03822650
1.08288491
1.10958995
1.22521812
0.97083112
0.56829720
1.06961345
-0.80192555
-1.25257530
-0.81041544
-0.48376808
-0.42099855
-0.08917851
0.45060032
-0.04041859
0.84579166
0.82184088
1.10335402
1.25448640
1.32512461
1.19879758
0.46416479
0.53701289
-0.29133493
-1.13929073
-3.00900821
-2.48732753
-1.02528182
-1.92311399
-3.35727348
-1.77993705
-1.21160298
-1.73415370
-3.18874858
-2.54466813
-1.68890388
-0.80065889
-0.25020084
-0.17255621
-0.11950807
-0.42739150
-0.72127474
-0.21873378
0.29002998
0.54058188
0.78399372
0.73460166
0.90530865
0.79954121
0.81796507
0.36117067
0.55112867
-0.21005868
0.20573740
0.43739698
0.16644049
0.47638813
0.63815336
0.76384870
0.39435856
1.18067495
0.77753805
0.83845417
0.20710363
0.47534309
0.23727063
0.13506077
0.07029024
-1.59901304
-1.04881655
-1.24722723
-2.38058004
-1.23073210
-0.72644569
-0.49065123
-2.45471690
-1.05321105
-0.93289756
-2.47848317
-0.75115079
-0.29247491
-0.51442833
-0.39913631
-1.09688509
-1.00329585
0.01894851
-0.59128584
-1.07589820
-1.88104481
-1.45257132
-1.60695463
-0.60917449
-2.59523740
-1.27932289
-1.46725357
-1.71168874
-0.13022345
0.84547974
0.90351284
1.06994984
0.85313046
0.64301531
-0.17352189
-0.84716623
-0.66521681
0.21944573
0.90014957
0.75006745
-0.65351308
-0.59072292
0.29858181
0.65358799
0.88636546
0.84608734
0.92596160
1.11971327
0.72845638
1.20818659
0.83292208
0.85730691
0.77212870
0.88618050
-0.75174536
-0.01338904
0.62007515
0.89371662
0.48435270
-0.54741322
-2.95431514
-2.97240023
-1.26521947
-0.52074405
-0.10536383
0.16198045
-0.21330205
-0.11464921
-0.40697778
-0.28812415
-0.42378894
0.01635174
0.52672031
0.35699414
-0.07461926
0.39311258
0.77753406
0.34146430
0.46763046
-0.64345451
-0.69622138
-1.43125509
-1.99533571
-2.63288875
-1.07458054
-1.70470023
-0.72027539
0.20359638
0.53194602
0.57995468
0.35440286
0.36603913
0.02906930
0.41218499
0.74072934
0.36633326
-0.87138198
-0.67412520
-0.09011227
-0.30915137
-1.81585186
-0.88662600
-0.90415223
-0.52653979
0.32193235
0.93109621
0.74114081
0.42332608
-0.29093800
-0.61890861
0.21309981
0.30049144
-2.18861240
-0.57833387
-0.16822522
-0.71428743
0.16833385
0.24052790
-1.36646807
-2.10269790
-3.34009967
-2.57844316
-1.07154909
-1.02135243
-1.39525669
-0.92854993
-0.50576390
-0.34049253
-0.57390002
-0.21444172
-0.84175348
-0.05700778
0.03769971
0.25761607
0.15403893
0.10485181
-0.36777904
-0.33268128
-0.33206183
-1.41201276
-0.64052628
-0.56879467
-0.91058073
-0.23897625
-0.85765312
-0.89801583
-0.38957504
0.38098381
0.61563828
0.58289254
0.43123040
0.70128328
0.17194539
-0.36358160
-0.43135726
-0.44319908
-0.87692785
-0.17579853
0.08386121
0.08712187
-0.63086932
-0.70302030
-2.78003383
-4.09415503
-3.53171707
-3.48378753
-2.74290238
